9.762240020250355643e-01
1.014747703633746799e-02
8.552716388786477109e-03
5.075804549840448078e-03
4.928061824440590932e+00
4.036515096636234645e+00
4.131096220694661092e+00
4.011311115356703816e+00
9.864428377882525911e-01
5.062294863659000388e-03
5.228297444287851106e-03
3.266569903800602484e-03
7.392767166550462399e+00
5.865420502928026636e+00
5.818769593834667297e+00
5.648938525551362666e+00
9.496249175059353620e-01
2.158007841533652812e-02
1.707748386942059549e-02
1.171752020930747970e-02
3.858604270259953672e+00
2.236908554893191070e+00
2.408674045483614190e+00
2.378734720001659309e+00
